         1      1240
         2      1239
         3      1238
         4      1237
         5      1236
         6      1235
         7      1234
         8      1233
         9      1232
        10      1231
        11      1230
        12      1229
        13      1228
        14      1227
        15      1226
        16      1225
        17      1224
        18      1223
        19      1222
        20      1221
        21      1220
        22      1219
        23      1218
        24      1217
        25      1216
        26      1215
        27      1214
        28      1213
        29      1212
        30      1211
        31      1210
        32      1209
        33      1208
        34      1207
        35      1206
        36      1205
        37      1204
        38      1203
        39      1202
        40      1201
        41      1200
        42      1199
        43      1198
        44      1197
        45      1196
        46      1195
        47      1194
        48      1193
        49      1192
        50      1191
        51      1190
        52      1189
        53      1188
        54      1187
        55      1186
        56      1185
        57      1184
        58      1183
        59      1182
        60      1181
        61      1180
        62      1179
        63      1178
        64      1177
        65      1176
        66      1175
        67      1174
        68      1173
        69      1172
        70      1171
        71      1170
        72      1169
        73      1168
        74      1167
        75      1166
        76      1165
        77      1164
        78      1163
        79      1162
        80      1161
        81      1160
        82      1159
        83      1158
        84      1157
        85      1156
        86      1155
        87      1154
        88      1153
        89      1152
        90      1151
        91       110
        92       109
        93       108
        94       107
        95       106
        96       105
        97       104
        98       103
        99       102
       100       101
       101       100
       102        99
       103        98
       104        97
       105        96
       106        95
       107        94
       108        93
       109        92
       110        91
       111      1150
       112      1149
       113      1148
       114      1147
       115      1146
       116      1145
       117      1144
       118      1143
       119      1142
       120      1141
       121      1140
       122      1139
       123      1138
       124      1137
       125      1136
       126      1135
       127      1134
       128      1133
       129      1132
       130      1131
       131      1130
       132      1129
       133      1128
       134      1127
       135      1126
       136      1125
       137      1124
       138      1123
       139      1122
       140      1121
       141      1120
       142      1119
       143      1118
       144      1117
       145      1116
       146      1115
       147      1114
       148      1113
       149      1112
       150      1111
       151       170
       152       169
       153       168
       154       167
       155       166
       156       165
       157       164
       158       163
       159       162
       160       161
       161       160
       162       159
       163       158
       164       157
       165       156
       166       155
       167       154
       168       153
       169       152
       170       151
       171      1110
       172      1109
       173      1108
       174      1107
       175      1106
       176      1105
       177      1104
       178      1103
       179      1102
       180      1101
       181      1100
       182      1099
       183      1098
       184      1097
       185      1096
       186      1095
       187      1094
       188      1093
       189      1092
       190      1091
       191      1090
       192      1089
       193      1088
       194      1087
       195      1086
       196      1085
       197      1084
       198      1083
       199      1082
       200      1081
       201      1080
       202      1079
       203      1078
       204      1077
       205      1076
       206      1075
       207      1074
       208      1073
       209      1072
       210      1071
       211       230
       212       229
       213       228
       214       227
       215       226
       216       225
       217       224
       218       223
       219       222
       220       221
       221       220
       222       219
       223       218
       224       217
       225       216
       226       215
       227       214
       228       213
       229       212
       230       211
       231       250
       232       249
       233       248
       234       247
       235       246
       236       245
       237       244
       238       243
       239       242
       240       241
       241       240
       242       239
       243       238
       244       237
       245       236
       246       235
       247       234
       248       233
       249       232
       250       231
       251      1070
       252      1069
       253      1068
       254      1067
       255      1066
       256      1065
       257      1064
       258      1063
       259      1062
       260      1061
       261      1060
       262      1059
       263      1058
       264      1057
       265      1056
       266      1055
       267      1054
       268      1053
       269      1052
       270      1051
       271       290
       272       289
       273       288
       274       287
       275       286
       276       285
       277       284
       278       283
       279       282
       280       281
       281       280
       282       279
       283       278
       284       277
       285       276
       286       275
       287       274
       288       273
       289       272
       290       271
       291       310
       292       309
       293       308
       294       307
       295       306
       296       305
       297       304
       298       303
       299       302
       300       301
       301       300
       302       299
       303       298
       304       297
       305       296
       306       295
       307       294
       308       293
       309       292
       310       291
       311      1050
       312      1049
       313      1048
       314      1047
       315      1046
       316      1045
       317      1044
       318      1043
       319      1042
       320      1041
       321       340
       322       339
       323       338
       324       337
       325       336
       326       335
       327       334
       328       333
       329       332
       330       331
       331       330
       332       329
       333       328
       334       327
       335       326
       336       325
       337       324
       338       323
       339       322
       340       321
       341       360
       342       359
       343       358
       344       357
       345       356
       346       355
       347       354
       348       353
       349       352
       350       351
       351       350
       352       349
       353       348
       354       347
       355       346
       356       345
       357       344
       358       343
       359       342
       360       341
       361       380
       362       379
       363       378
       364       377
       365       376
       366       375
       367       374
       368       373
       369       372
       370       371
       371       370
       372       369
       373       368
       374       367
       375       366
       376       365
       377       364
       378       363
       379       362
       380       361
       381       400
       382       399
       383       398
       384       397
       385       396
       386       395
       387       394
       388       393
       389       392
       390       391
       391       390
       392       389
       393       388
       394       387
       395       386
       396       385
       397       384
       398       383
       399       382
       400       381
       401       420
       402       419
       403       418
       404       417
       405       416
       406       415
       407       414
       408       413
       409       412
       410       411
       411       410
       412       409
       413       408
       414       407
       415       406
       416       405
       417       404
       418       403
       419       402
       420       401
       421       440
       422       439
       423       438
       424       437
       425       436
       426       435
       427       434
       428       433
       429       432
       430       431
       431       430
       432       429
       433       428
       434       427
       435       426
       436       425
       437       424
       438       423
       439       422
       440       421
       441       460
       442       459
       443       458
       444       457
       445       456
       446       455
       447       454
       448       453
       449       452
       450       451
       451       450
       452       449
       453       448
       454       447
       455       446
       456       445
       457       444
       458       443
       459       442
       460       441
       461       480
       462       479
       463       478
       464       477
       465       476
       466       475
       467       474
       468       473
       469       472
       470       471
       471       470
       472       469
       473       468
       474       467
       475       466
       476       465
       477       464
       478       463
       479       462
       480       461
       481       500
       482       499
       483       498
       484       497
       485       496
       486       495
       487       494
       488       493
       489       492
       490       491
       491       490
       492       489
       493       488
       494       487
       495       486
       496       485
       497       484
       498       483
       499       482
       500       481
       501       520
       502       519
       503       518
       504       517
       505       516
       506       515
       507       514
       508       513
       509       512
       510       511
       511       510
       512       509
       513       508
       514       507
       515       506
       516       505
       517       504
       518       503
       519       502
       520       501
       521      1040
       522      1039
       523      1038
       524      1037
       525      1036
       526      1035
       527      1034
       528      1033
       529      1032
       530      1031
       531       550
       532       549
       533       548
       534       547
       535       546
       536       545
       537       544
       538       543
       539       542
       540       541
       541       540
       542       539
       543       538
       544       537
       545       536
       546       535
       547       534
       548       533
       549       532
       550       531
       551       570
       552       569
       553       568
       554       567
       555       566
       556       565
       557       564
       558       563
       559       562
       560       561
       561       560
       562       559
       563       558
       564       557
       565       556
       566       555
       567       554
       568       553
       569       552
       570       551
       571      1030
       572      1029
       573      1028
       574      1027
       575      1026
       576      1025
       577      1024
       578      1023
       579      1022
       580      1021
       581      1020
       582      1019
       583      1018
       584      1017
       585      1016
       586      1015
       587      1014
       588      1013
       589      1012
       590      1011
       591       610
       592       609
       593       608
       594       607
       595       606
       596       605
       597       604
       598       603
       599       602
       600       601
       601       600
       602       599
       603       598
       604       597
       605       596
       606       595
       607       594
       608       593
       609       592
       610       591
       611       630
       612       629
       613       628
       614       627
       615       626
       616       625
       617       624
       618       623
       619       622
       620       621
       621       620
       622       619
       623       618
       624       617
       625       616
       626       615
       627       614
       628       613
       629       612
       630       611
       631      1010
       632      1009
       633      1008
       634      1007
       635      1006
       636      1005
       637      1004
       638      1003
       639      1002
       640      1001
       641      1000
       642       999
       643       998
       644       997
       645       996
       646       995
       647       994
       648       993
       649       992
       650       991
       651       990
       652       989
       653       988
       654       987
       655       986
       656       985
       657       984
       658       983
       659       982
       660       981
       661       980
       662       979
       663       978
       664       977
       665       976
       666       975
       667       974
       668       973
       669       972
       670       971
       671       690
       672       689
       673       688
       674       687
       675       686
       676       685
       677       684
       678       683
       679       682
       680       681
       681       680
       682       679
       683       678
       684       677
       685       676
       686       675
       687       674
       688       673
       689       672
       690       671
       691       970
       692       969
       693       968
       694       967
       695       966
       696       965
       697       964
       698       963
       699       962
       700       961
       701       960
       702       959
       703       958
       704       957
       705       956
       706       955
       707       954
       708       953
       709       952
       710       951
       711       950
       712       949
       713       948
       714       947
       715       946
       716       945
       717       944
       718       943
       719       942
       720       941
       721       940
       722       939
       723       938
       724       937
       725       936
       726       935
       727       934
       728       933
       729       932
       730       931
       731       750
       732       749
       733       748
       734       747
       735       746
       736       745
       737       744
       738       743
       739       742
       740       741
       741       740
       742       739
       743       738
       744       737
       745       736
       746       735
       747       734
       748       733
       749       732
       750       731
       751       930
       752       929
       753       928
       754       927
       755       926
       756       925
       757       924
       758       923
       759       922
       760       921
       761       920
       762       919
       763       918
       764       917
       765       916
       766       915
       767       914
       768       913
       769       912
       770       911
       771       910
       772       909
       773       908
       774       907
       775       906
       776       905
       777       904
       778       903
       779       902
       780       901
       781       900
       782       899
       783       898
       784       897
       785       896
       786       895
       787       894
       788       893
       789       892
       790       891
       791       890
       792       889
       793       888
       794       887
       795       886
       796       885
       797       884
       798       883
       799       882
       800       881
       801       880
       802       879
       803       878
       804       877
       805       876
       806       875
       807       874
       808       873
       809       872
       810       871
       811       870
       812       869
       813       868
       814       867
       815       866
       816       865
       817       864
       818       863
       819       862
       820       861
       821       860
       822       859
       823       858
       824       857
       825       856
       826       855
       827       854
       828       853
       829       852
       830       851
       831       850
       832       849
       833       848
       834       847
       835       846
       836       845
       837       844
       838       843
       839       842
       840       841
       841       840
       842       839
       843       838
       844       837
       845       836
       846       835
       847       834
       848       833
       849       832
       850       831
       851       830
       852       829
       853       828
       854       827
       855       826
       856       825
       857       824
       858       823
       859       822
       860       821
       861       820
       862       819
       863       818
       864       817
       865       816
       866       815
       867       814
       868       813
       869       812
       870       811
       871       810
       872       809
       873       808
       874       807
       875       806
       876       805
       877       804
       878       803
       879       802
       880       801
       881       800
       882       799
       883       798
       884       797
       885       796
       886       795
       887       794
       888       793
       889       792
       890       791
       891       790
       892       789
       893       788
       894       787
       895       786
       896       785
       897       784
       898       783
       899       782
       900       781
       901       780
       902       779
       903       778
       904       777
       905       776
       906       775
       907       774
       908       773
       909       772
       910       771
       911       770
       912       769
       913       768
       914       767
       915       766
       916       765
       917       764
       918       763
       919       762
       920       761
       921       760
       922       759
       923       758
       924       757
       925       756
       926       755
       927       754
       928       753
       929       752
       930       751
       931       730
       932       729
       933       728
       934       727
       935       726
       936       725
       937       724
       938       723
       939       722
       940       721
       941       720
       942       719
       943       718
       944       717
       945       716
       946       715
       947       714
       948       713
       949       712
       950       711
       951       710
       952       709
       953       708
       954       707
       955       706
       956       705
       957       704
       958       703
       959       702
       960       701
       961       700
       962       699
       963       698
       964       697
       965       696
       966       695
       967       694
       968       693
       969       692
       970       691
       971       670
       972       669
       973       668
       974       667
       975       666
       976       665
       977       664
       978       663
       979       662
       980       661
       981       660
       982       659
       983       658
       984       657
       985       656
       986       655
       987       654
       988       653
       989       652
       990       651
       991       650
       992       649
       993       648
       994       647
       995       646
       996       645
       997       644
       998       643
       999       642
      1000       641
      1001       640
      1002       639
      1003       638
      1004       637
      1005       636
      1006       635
      1007       634
      1008       633
      1009       632
      1010       631
      1011       590
      1012       589
      1013       588
      1014       587
      1015       586
      1016       585
      1017       584
      1018       583
      1019       582
      1020       581
      1021       580
      1022       579
      1023       578
      1024       577
      1025       576
      1026       575
      1027       574
      1028       573
      1029       572
      1030       571
      1031       530
      1032       529
      1033       528
      1034       527
      1035       526
      1036       525
      1037       524
      1038       523
      1039       522
      1040       521
      1041       320
      1042       319
      1043       318
      1044       317
      1045       316
      1046       315
      1047       314
      1048       313
      1049       312
      1050       311
      1051       270
      1052       269
      1053       268
      1054       267
      1055       266
      1056       265
      1057       264
      1058       263
      1059       262
      1060       261
      1061       260
      1062       259
      1063       258
      1064       257
      1065       256
      1066       255
      1067       254
      1068       253
      1069       252
      1070       251
      1071       210
      1072       209
      1073       208
      1074       207
      1075       206
      1076       205
      1077       204
      1078       203
      1079       202
      1080       201
      1081       200
      1082       199
      1083       198
      1084       197
      1085       196
      1086       195
      1087       194
      1088       193
      1089       192
      1090       191
      1091       190
      1092       189
      1093       188
      1094       187
      1095       186
      1096       185
      1097       184
      1098       183
      1099       182
      1100       181
      1101       180
      1102       179
      1103       178
      1104       177
      1105       176
      1106       175
      1107       174
      1108       173
      1109       172
      1110       171
      1111       150
      1112       149
      1113       148
      1114       147
      1115       146
      1116       145
      1117       144
      1118       143
      1119       142
      1120       141
      1121       140
      1122       139
      1123       138
      1124       137
      1125       136
      1126       135
      1127       134
      1128       133
      1129       132
      1130       131
      1131       130
      1132       129
      1133       128
      1134       127
      1135       126
      1136       125
      1137       124
      1138       123
      1139       122
      1140       121
      1141       120
      1142       119
      1143       118
      1144       117
      1145       116
      1146       115
      1147       114
      1148       113
      1149       112
      1150       111
      1151        90
      1152        89
      1153        88
      1154        87
      1155        86
      1156        85
      1157        84
      1158        83
      1159        82
      1160        81
      1161        80
      1162        79
      1163        78
      1164        77
      1165        76
      1166        75
      1167        74
      1168        73
      1169        72
      1170        71
      1171        70
      1172        69
      1173        68
      1174        67
      1175        66
      1176        65
      1177        64
      1178        63
      1179        62
      1180        61
      1181        60
      1182        59
      1183        58
      1184        57
      1185        56
      1186        55
      1187        54
      1188        53
      1189        52
      1190        51
      1191        50
      1192        49
      1193        48
      1194        47
      1195        46
      1196        45
      1197        44
      1198        43
      1199        42
      1200        41
      1201        40
      1202        39
      1203        38
      1204        37
      1205        36
      1206        35
      1207        34
      1208        33
      1209        32
      1210        31
      1211        30
      1212        29
      1213        28
      1214        27
      1215        26
      1216        25
      1217        24
      1218        23
      1219        22
      1220        21
      1221        20
      1222        19
      1223        18
      1224        17
      1225        16
      1226        15
      1227        14
      1228        13
      1229        12
      1230        11
      1231        10
      1232         9
      1233         8
      1234         7
      1235         6
      1236         5
      1237         4
      1238         3
      1239         2
      1240         1
