   1    112  
   2    111  
   3    110  
   4    109  
   5      6  
   6      5  
   7    108  
   8    107  
   9     10  
  10      9  
  11    106  
  12     13  
  13     12  
  14     15  
  15     14  
  16    105  
  17     18  
  18     17  
  19     20  
  20     19  
  21     22  
  22     21  
  23    104  
  24     25  
  25     24  
  26     27  
  27     26  
  28     29  
  29     28  
  30     31  
  31     30  
  32     33  
  33     32  
  34     35  
  35     34  
  36     37  
  37     36  
  38     39  
  39     38  
  40     41  
  41     40  
  42     43  
  43     42  
  44    103  
  45     98  
  46     47  
  47     46  
  48     49  
  49     48  
  50     51  
  51     50  
  52     53  
  53     52  
  54     55  
  55     54  
  56     57  
  57     56  
  58     59  
  59     58  
  60     61  
  61     60  
  62     63  
  63     62  
  64     65  
  65     64  
  66     97  
  67     68  
  68     67  
  69     70  
  70     69  
  71     72  
  72     71  
  73     96  
  74     75  
  75     74  
  76     77  
  77     76  
  78     95  
  79     80  
  80     79  
  81     94  
  82     93  
  83     84  
  84     83  
  85     92  
  86     91  
  87     90  
  88     89  
  89     88  
  90     87  
  91     86  
  92     85  
  93     82  
  94     81  
  95     78  
  96     73  
  97     66  
  98     45  
  99    100  
 100     99  
 101    102  
 102    101  
 103     44  
 104     23  
 105     16  
 106     11  
 107      8  
 108      7  
 109      4  
 110      3  
 111      2  
 112      1  
